vectors:
  vector1:
    x_pos: 7800000.000000
    y_pos: 0.000000
    z_pos: 0.000000
    x_velocity: 0.000000
    y_velocity: 6190.877608
    z_velocity: 3574.304854
    step_size: 60 # Seconds
    
